0 0.189453 0.437500 0.116406 0.144444
0 0.459375 0.771528 0.070312 0.106944
0 0.215625 0.754861 0.146875 0.173611
0 0.312109 0.563194 0.097656 0.104167
0 0.396875 0.325000 0.096875 0.097222
0 0.699219 0.443750 0.098438 0.095833
0 0.673047 0.579167 0.096094 0.091667
0 0.634766 0.795833 0.092969 0.080556
0 0.577734 0.545139 0.110156 0.056944
0 0.534375 0.625000 0.114063 0.102778
0 0.521875 0.448611 0.100000 0.083333
0 0.412109 0.547222 0.094531 0.097222
0 0.352734 0.726389 0.103906 0.113889
0 0.376563 0.834722 0.096875 0.122222
